1
1000
1728 2113
1102 1558
0152 0453
1656 2305
0504 2345
0032 2314
0612 1825
0718 0750
0729 1242
0612 0954
0835 0947
0657 2108
1611 2233
0428 0804
0309 0515
0627 2008
0000 1727
1121 1152
0357 1650
0253 2038
1611 2214
0839 1847
0310 0439
1100 2353
0447 2114
0406 2316
2153 2230
0401 1101
0352 0621
1207 1612
0622 1934
1525 2013
0522 0935
1427 2122
0143 1622
1432 2320
0340 1036
1628 1826
1041 2237
1801 1931
0907 1640
0035 0652
1811 2149
0142 1746
0928 1036
0552 2028
1347 1837
0230 2143
0448 1254
0233 1619
1250 1337
0722 1000
0856 2339
0918 1441
0227 2136
0753 1637
0053 1732
0156 1904
1130 2002
1653 2200
1310 1319
1907 2211
1327 2021
0151 0600
0205 1237
0452 0721
1616 1942
1837 2136
0820 0907
0449 1032
1112 1401
0630 1632
1203 1544
0416 2255
0242 2049
1657 2207
0751 1743
0132 1409
1131 1140
1202 1744
0035 2222
1720 2251
0306 0853
1211 1845
0635 0951
0008 1211
1402 1701
1017 1132
0407 0501
0647 1241
0225 0314
1330 2225
0812 1148
0342 0457
1051 2245
1058 1111
0208 0511
0222 1540
0347 1152
1952 2024
1046 1729
0619 0657
0826 1541
0510 0826
0316 1626
0138 2209
1254 1330
0643 1236
0336 2132
1118 2216
2143 2221
1143 1924
1210 2354
1616 1916
1737 2015
0033 0940
0357 1411
0033 0322
2001 2124
1447 1852
1657 2301
0608 1746
0148 0934
0558 1651
1314 2151
0801 2301
0050 2050
0534 2007
0327 0830
0506 0700
0537 1305
1018 1240
0003 0701
0016 0519
0028 0622
0108 1212
0430 0507
1626 2101
0435 1341
0844 1850
0155 1122
1428 2309
0113 1319
0915 1049
0613 1810
1934 2203
0517 0958
0212 1712
0654 1319
0531 2335
0825 2110
0455 1925
0524 0955
1155 1638
1202 1326
0249 1233
0024 1909
0446 1828
0449 0510
0107 0738
0410 2111
0239 2356
0422 0802
1443 2044
0958 1332
0748 0920
0006 0725
0821 1558
0952 2312
1232 2216
0622 1809
0820 1020
1556 2111
0925 1146
0923 1518
0524 2021
0015 2218
0117 0713
0028 2102
1123 2010
0502 0519
0924 1630
1625 1736
0833 1244
0408 1445
1543 1731
0523 0736
1255 1610
0225 1551
1455 2054
0229 0844
0119 0218
1310 2234
0923 2237
0043 0915
0807 1807
1313 1827
1326 2341
0309 2356
0856 1428
1313 1755
1523 1852
0743 1649
0358 1156
1932 2257
1126 1325
0620 1557
0243 1504
1043 1516
0904 2319
1636 2000
1320 1842
1354 1550
1804 1912
0618 1404
1120 2254
0733 2342
0616 0629
1744 2002
0123 0401
0618 1307
1148 1725
0055 1927
0432 1735
1657 1747
1810 1913
0058 1523
0018 1646
1844 2144
0309 2201
0522 1254
0307 1914
0444 0751
1102 1304
0441 1641
0742 2328
0449 0647
0223 0405
0222 2203
0254 1119
0438 0815
1231 1333
0924 2343
1217 2306
1200 1601
1751 2245
0505 1423
0645 1233
1810 2107
1445 2141
0741 1530
0236 1128
0832 2323
1433 1722
1228 1312
1104 2343
0426 0924
0247 1557
0813 1700
1918 2024
1407 2344
0514 2303
1547 2208
0009 1010
0241 0408
1502 2120
1144 1313
1704 1806
1027 1415
1156 1256
0814 2142
0903 1542
1727 2110
1554 2346
0255 0533
0452 2022
1111 2323
1256 1946
0051 0333
1241 1256
0502 0815
0416 1554
1205 2008
0546 2203
0857 2237
1230 2148
1513 2010
0109 0914
0440 1723
0933 1424
1005 1855
0352 2045
0220 1418
0858 0941
0452 2008
1155 2324
0818 1425
0858 1935
0706 1618
0604 1158
0205 1753
1422 1703
0441 0621
0158 0228
1304 1907
0840 1319
0720 1741
0848 1139
1327 2356
0104 0806
0932 1652
0151 0314
0433 2243
1610 1834
0016 1001
0241 1902
0006 1212
1807 2345
0603 1152
1319 2243
0349 0535
1734 2330
1647 1839
0439 0533
0048 2339
1702 2144
0608 1930
0246 0336
0151 1242
0442 0508
0542 1119
0720 2257
1152 1537
0943 1837
0442 1430
0505 1954
0456 0916
0532 1146
1220 1321
1127 1316
1954 1956
0055 1825
0831 0841
2053 2141
0909 2118
2054 2302
0323 0749
0255 2341
0345 0549
0533 0754
0812 2104
0131 1558
1705 2133
1729 2220
1231 2033
1737 2233
1509 1742
1542 1813
0439 1731
1042 1934
1554 2305
0515 2254
1315 1727
0357 1434
0742 1500
0121 1753
0311 0837
0704 0748
1702 2036
0600 0737
0343 0851
1745 2240
1050 1549
0250 1640
1156 2158
1931 1940
0303 1920
0334 2032
0704 1506
0346 1326
1302 2007
0503 1150
1022 1140
1657 2316
2145 2319
1530 2006
2018 2358
0046 2352
1313 1322
0311 2247
0442 2114
0937 2202
0300 0814
1319 1327
0355 2356
0745 2233
1343 2340
0954 1124
0206 0749
0023 0839
1618 2038
0110 1635
1635 1919
0236 2258
1106 1929
0216 1357
0418 2126
0936 1838
1626 1717
0622 1200
0125 2330
0546 1527
1558 2101
0644 2051
1232 1323
0147 0236
0301 0835
0948 2334
0951 1302
1533 1537
1308 1715
0431 0539
0502 1120
0611 1937
0040 2107
0110 2127
1552 2104
0105 0931
1658 2204
0306 1715
1853 1923
0012 1112
0146 1420
0152 1438
0032 1552
0024 1415
1037 1602
0130 1850
0414 0527
0317 1955
1613 1633
1407 1528
1214 1536
0957 2226
0725 1326
1709 1739
0524 0828
0319 2102
0054 2235
1152 2000
0320 1534
0216 2230
0407 1056
1341 1645
0823 2329
0722 0832
1117 1955
1253 2137
2055 2127
0503 1737
1648 1814
0016 0724
0000 1747
0232 1443
0843 1238
1525 1637
1226 1317
0428 1038
0415 2240
1614 2156
1338 2038
1016 1552
1138 1627
0630 1257
0643 1840
0113 0323
0624 1112
0125 1015
1721 2242
0027 1308
0340 1700
0016 0746
0213 0556
0158 0708
0106 2319
1054 1419
0434 2227
0030 0210
1344 1757
1207 1401
0433 1719
1715 1945
0030 0204
0702 2324
0111 1455
0928 2224
1756 2130
1523 2146
0112 0239
1300 1804
1510 1544
0553 1232
0745 2244
0130 0221
0024 1414
0339 1909
0554 1736
0239 2310
0624 2234
2112 2319
0228 2325
0828 0851
0721 1813
1450 1842
0729 2131
0504 0718
1139 1825
0221 1628
0343 1258
0203 1844
1143 2353
0453 0721
0154 0754
0015 2331
0718 1050
1051 1831
0754 0803
0457 1942
0250 2114
0626 0833
0111 1954
0640 1654
1016 2110
0516 2147
0821 0841
0126 1019
0603 2204
0448 0712
0512 1446
1207 1905
0806 2237
2023 2302
0000 1857
1735 2055
0356 1436
0304 1019
1845 1929
2029 2231
0154 1716
0807 2339
0802 0853
1209 1416
0912 1341
2002 2341
0642 0935
0926 1137
0921 1127
0155 1509
0450 1436
0012 1812
1533 2308
0256 1903
1523 1933
0627 1851
0555 2334
0520 1225
1738 2234
1833 1924
0944 1638
0939 1324
0732 2329
0811 1747
1703 2204
0154 2225
0423 0910
0857 1547
0104 1132
1737 1826
0014 2234
0317 2333
0128 0838
0031 2302
0058 1938
0231 0655
1354 1901
0947 1550
1741 2154
1946 2315
2026 2156
0937 1350
0247 0339
0047 1455
0509 1635
0723 1044
1317 1717
0241 1535
0407 2145
1951 2340
1042 1824
0353 0425
0808 1454
1115 1525
0429 0529
0642 1652
0705 1644
1030 1830
0215 1611
1527 2131
0118 1712
1943 2333
0143 2004
1356 2117
0755 1331
0838 1223
1247 2044
0632 1550
0738 1137
0446 1611
0514 0605
0310 1025
1213 2139
0332 1526
0647 2058
1002 1301
1807 2250
0914 1253
0043 0947
0117 1013
0612 0746
2232 2351
1442 1901
0535 2320
1730 2201
1353 2308
0826 1327
0240 0804
0610 2324
0101 0506
0519 1358
2010 2206
0206 2313
1220 1547
1356 1402
0013 2325
0437 1703
0600 2134
0634 0938
0407 0538
1607 1909
1027 1614
0633 2127
0018 0705
0239 0739
0124 1057
1701 1742
0057 0115
2107 2108
0117 2141
1212 1946
0120 0512
1301 1608
0434 2155
0047 2200
0351 1102
1142 2201
0852 1608
1026 2248
1552 2303
2240 2334
1312 2349
0348 0728
2135 2358
0714 0900
0230 0542
1532 1941
0115 0628
1525 1701
0620 1606
0056 0738
1101 2201
0103 1545
0851 1146
0347 0931
0321 0631
0407 1218
0404 1438
1312 2027
0646 1656
0847 0952
1724 2241
1049 1507
0509 2300
0334 1719
0043 2257
1100 1637
0213 0240
1125 2037
2124 2154
0316 2044
0749 0952
0944 1632
0656 2230
1932 2353
1025 1035
0943 1256
0518 2350
1934 2330
1204 1301
1339 1828
1347 2224
1502 2222
0011 1238
0827 1230
0627 1829
0137 0920
0535 0830
0744 0818
1820 2218
0103 0626
0134 1733
1817 1903
0839 2052
0543 2131
1115 2121
0349 2102
0216 1118
0330 1643
1108 2226
0443 1246
1836 1925
0954 1919
0221 1957
0555 1206
1020 2203
1846 2237
0524 1729
0912 1933
0241 2033
0942 1046
0409 1032
1519 1737
0911 1600
0006 0014
0706 2133
0407 0427
0657 1517
0348 1746
0028 2107
0831 2246
1914 2123
0806 0927
1618 1635
1206 1716
1434 2323
1155 1648
0631 2323
1105 1705
0456 1504
0754 1818
0006 1955
0015 2314
1013 1612
1310 2113
0435 1403
1754 1910
0703 1021
0723 2318
0955 1235
1202 1910
0935 1335
0326 1725
0454 1724
0317 1330
0626 1611
0124 0510
0020 2055
1832 2206
0840 1622
0534 1233
0046 1923
0042 0952
0033 1044
1455 1646
0006 0129
0723 2054
0027 2016
0847 1947
0904 1207
0201 0632
2017 2226
1413 1916
1815 2002
0410 0919
1258 1800
0643 1458
0150 1548
0846 1408
1731 2332
0813 1344
1243 1400
1829 2355
0306 1536
1642 2004
0640 1402
1628 2118
0839 2218
0212 0453
1654 1820
0710 2119
0021 1201
1433 1448
0633 2154
0322 1247
0919 1013
0503 2308
1906 2308
1053 2134
1324 2056
0155 1457
1402 1909
0749 0835
0444 1107
1520 1531
0808 1814
0034 0913
0002 1507
0737 1317
0230 0610
1237 1743
1118 1647
0652 1139
0948 2255
0239 1448
0842 1304
0301 0704
0450 1042
1003 2030
1346 2010
0253 1251
0549 2332
0324 1927
0551 1619
1531 1636
0138 2131
1724 2316
0201 1028
0919 1521
2038 2054
2328 2331
0055 1515
1421 2053
0104 1201
1820 1924
0600 0945
1019 1334
0819 0849
0031 0404
0929 1921
2031 2252
0000 0910
0054 1148
1956 2317
0149 1433
1605 2227
1607 2116
0506 2000
0826 1502
0331 1045
1028 2226
0138 1640
1743 2256
0438 1815
0328 2131
1337 1705
0958 1245
0028 1230
0208 2301
1428 1724
1057 2255
0951 1837
0353 0829
1433 1650
0951 1229
0024 2357
0952 1428
1549 2311
1133 1649
0939 2136
0500 1056
1448 1853
2202 2322
0216 0750
0716 1619
0404 0420
0428 1722
1646 1711
1450 1545
1510 1641
0448 2247
0801 1840
0054 2053
0403 1816
0819 0900
0017 1752
0740 2215
1605 2048
0510 0912
1335 1957
0504 1522
1237 1418
0927 2019
0520 1828
0249 2236
0407 1343
1119 1558
0337 2146
0818 1640
0242 2300
0603 1011
0824 1810
1045 1503
0238 2202
0348 2325
0244 2254
0217 0533
0111 1009
1535 2101
2006 2041
0456 2303
0414 2158
0135 2209
0636 0744
1803 1922
0510 0758
1432 2057
1117 2203
0355 1537
1818 1958
0139 0602
1001 2257
0931 2239
0623 1838
0911 2351
0127 1521
0350 1442
0119 0345
0727 1427
0916 2112
0004 2019
0748 1500
1243 2224
0209 2038
1316 1947
0111 1954
1031 2026
0741 2051
1226 1632
0026 2153
0111 0913
0543 1458
0213 0354
0004 1147
0931 1211
0744 0803
1255 1353
1101 1452
0007 0302
0520 1003
0021 0904
0426 2026
1128 1819
1255 1711
0213 0952
1034 2109
0054 1958
1141 1506
0725 1442
2107 2119
0356 1141
0534 0845
0424 1131
2050 2224
0005 0537
0401 1226
0950 2250
0052 1248
0836 2132
0210 0935
0448 0803
0315 0956
0609 1716
0255 1627
0814 0824
1021 1635
0210 2124
0849 1849
0131 2114
0718 1621
0351 1207
0515 1836
