1
4095
0000 0001
0001 0002
0002 0003
0003 0004
0004 0005
0005 0006
0006 0007
0007 0008
0008 0009
0009 0010
0010 0011
0011 0012
0012 0013
0013 0014
0014 0015
0015 0016
0016 0017
0017 0018
0018 0019
0019 0020
0020 0021
0021 0022
0022 0023
0023 0024
0024 0025
0025 0026
0026 0027
0027 0028
0028 0029
0029 0030
0030 0031
0031 0032
0032 0033
0033 0034
0034 0035
0035 0036
0036 0037
0037 0038
0038 0039
0039 0040
0040 0041
0041 0042
0042 0043
0043 0044
0044 0045
0045 0046
0046 0047
0047 0048
0048 0049
0049 0050
0050 0051
0051 0052
0052 0053
0053 0054
0054 0055
0055 0056
0056 0057
0057 0058
0058 0059
0059 0060
0060 0061
0061 0062
0062 0063
0063 0064
0064 0065
0065 0066
0066 0067
0067 0068
0068 0069
0069 0070
0070 0071
0071 0072
0072 0073
0073 0074
0074 0075
0075 0076
0076 0077
0077 0078
0078 0079
0079 0080
0080 0081
0081 0082
0082 0083
0083 0084
0084 0085
0085 0086
0086 0087
0087 0088
0088 0089
0089 0090
0090 0091
0091 0092
0092 0093
0093 0094
0094 0095
0095 0096
0096 0097
0097 0098
0098 0099
0099 0100
0100 0101
0101 0102
0102 0103
0103 0104
0104 0105
0105 0106
0106 0107
0107 0108
0108 0109
0109 0110
0110 0111
0111 0112
0112 0113
0113 0114
0114 0115
0115 0116
0116 0117
0117 0118
0118 0119
0119 0120
0120 0121
0121 0122
0122 0123
0123 0124
0124 0125
0125 0126
0126 0127
0127 0128
0128 0129
0129 0130
0130 0131
0131 0132
0132 0133
0133 0134
0134 0135
0135 0136
0136 0137
0137 0138
0138 0139
0139 0140
0140 0141
0141 0142
0142 0143
0143 0144
0144 0145
0145 0146
0146 0147
0147 0148
0148 0149
0149 0150
0150 0151
0151 0152
0152 0153
0153 0154
0154 0155
0155 0156
0156 0157
0157 0158
0158 0159
0159 0160
0160 0161
0161 0162
0162 0163
0163 0164
0164 0165
0165 0166
0166 0167
0167 0168
0168 0169
0169 0170
0170 0171
0171 0172
0172 0173
0173 0174
0174 0175
0175 0176
0176 0177
0177 0178
0178 0179
0179 0180
0180 0181
0181 0182
0182 0183
0183 0184
0184 0185
0185 0186
0186 0187
0187 0188
0188 0189
0189 0190
0190 0191
0191 0192
0192 0193
0193 0194
0194 0195
0195 0196
0196 0197
0197 0198
0198 0199
0199 0200
0200 0201
0201 0202
0202 0203
0203 0204
0204 0205
0205 0206
0206 0207
0207 0208
0208 0209
0209 0210
0210 0211
0211 0212
0212 0213
0213 0214
0214 0215
0215 0216
0216 0217
0217 0218
0218 0219
0219 0220
0220 0221
0221 0222
0222 0223
0223 0224
0224 0225
0225 0226
0226 0227
0227 0228
0228 0229
0229 0230
0230 0231
0231 0232
0232 0233
0233 0234
0234 0235
0235 0236
0236 0237
0237 0238
0238 0239
0239 0240
0240 0241
0241 0242
0242 0243
0243 0244
0244 0245
0245 0246
0246 0247
0247 0248
0248 0249
0249 0250
0250 0251
0251 0252
0252 0253
0253 0254
0254 0255
0255 0256
0256 0257
0257 0258
0258 0259
0259 0260
0260 0261
0261 0262
0262 0263
0263 0264
0264 0265
0265 0266
0266 0267
0267 0268
0268 0269
0269 0270
0270 0271
0271 0272
0272 0273
0273 0274
0274 0275
0275 0276
0276 0277
0277 0278
0278 0279
0279 0280
0280 0281
0281 0282
0282 0283
0283 0284
0284 0285
0285 0286
0286 0287
0287 0288
0288 0289
0289 0290
0290 0291
0291 0292
0292 0293
0293 0294
0294 0295
0295 0296
0296 0297
0297 0298
0298 0299
0299 0300
0300 0301
0301 0302
0302 0303
0303 0304
0304 0305
0305 0306
0306 0307
0307 0308
0308 0309
0309 0310
0310 0311
0311 0312
0312 0313
0313 0314
0314 0315
0315 0316
0316 0317
0317 0318
0318 0319
0319 0320
0320 0321
0321 0322
0322 0323
0323 0324
0324 0325
0325 0326
0326 0327
0327 0328
0328 0329
0329 0330
0330 0331
0331 0332
0332 0333
0333 0334
0334 0335
0335 0336
0336 0337
0337 0338
0338 0339
0339 0340
0340 0341
0341 0342
0342 0343
0343 0344
0344 0345
0345 0346
0346 0347
0347 0348
0348 0349
0349 0350
0350 0351
0351 0352
0352 0353
0353 0354
0354 0355
0355 0356
0356 0357
0357 0358
0358 0359
0359 0360
0360 0361
0361 0362
0362 0363
0363 0364
0364 0365
0365 0366
0366 0367
0367 0368
0368 0369
0369 0370
0370 0371
0371 0372
0372 0373
0373 0374
0374 0375
0375 0376
0376 0377
0377 0378
0378 0379
0379 0380
0380 0381
0381 0382
0382 0383
0383 0384
0384 0385
0385 0386
0386 0387
0387 0388
0388 0389
0389 0390
0390 0391
0391 0392
0392 0393
0393 0394
0394 0395
0395 0396
0396 0397
0397 0398
0398 0399
0399 0400
0400 0401
0401 0402
0402 0403
0403 0404
0404 0405
0405 0406
0406 0407
0407 0408
0408 0409
0409 0410
0410 0411
0411 0412
0412 0413
0413 0414
0414 0415
0415 0416
0416 0417
0417 0418
0418 0419
0419 0420
0420 0421
0421 0422
0422 0423
0423 0424
0424 0425
0425 0426
0426 0427
0427 0428
0428 0429
0429 0430
0430 0431
0431 0432
0432 0433
0433 0434
0434 0435
0435 0436
0436 0437
0437 0438
0438 0439
0439 0440
0440 0441
0441 0442
0442 0443
0443 0444
0444 0445
0445 0446
0446 0447
0447 0448
0448 0449
0449 0450
0450 0451
0451 0452
0452 0453
0453 0454
0454 0455
0455 0456
0456 0457
0457 0458
0458 0459
0459 0460
0460 0461
0461 0462
0462 0463
0463 0464
0464 0465
0465 0466
0466 0467
0467 0468
0468 0469
0469 0470
0470 0471
0471 0472
0472 0473
0473 0474
0474 0475
0475 0476
0476 0477
0477 0478
0478 0479
0479 0480
0480 0481
0481 0482
0482 0483
0483 0484
0484 0485
0485 0486
0486 0487
0487 0488
0488 0489
0489 0490
0490 0491
0491 0492
0492 0493
0493 0494
0494 0495
0495 0496
0496 0497
0497 0498
0498 0499
0499 0500
0500 0501
0501 0502
0502 0503
0503 0504
0504 0505
0505 0506
0506 0507
0507 0508
0508 0509
0509 0510
0510 0511
0511 0512
0512 0513
0513 0514
0514 0515
0515 0516
0516 0517
0517 0518
0518 0519
0519 0520
0520 0521
0521 0522
0522 0523
0523 0524
0524 0525
0525 0526
0526 0527
0527 0528
0528 0529
0529 0530
0530 0531
0531 0532
0532 0533
0533 0534
0534 0535
0535 0536
0536 0537
0537 0538
0538 0539
0539 0540
0540 0541
0541 0542
0542 0543
0543 0544
0544 0545
0545 0546
0546 0547
0547 0548
0548 0549
0549 0550
0550 0551
0551 0552
0552 0553
0553 0554
0554 0555
0555 0556
0556 0557
0557 0558
0558 0559
0559 0560
0560 0561
0561 0562
0562 0563
0563 0564
0564 0565
0565 0566
0566 0567
0567 0568
0568 0569
0569 0570
0570 0571
0571 0572
0572 0573
0573 0574
0574 0575
0575 0576
0576 0577
0577 0578
0578 0579
0579 0580
0580 0581
0581 0582
0582 0583
0583 0584
0584 0585
0585 0586
0586 0587
0587 0588
0588 0589
0589 0590
0590 0591
0591 0592
0592 0593
0593 0594
0594 0595
0595 0596
0596 0597
0597 0598
0598 0599
0599 0600
0600 0601
0601 0602
0602 0603
0603 0604
0604 0605
0605 0606
0606 0607
0607 0608
0608 0609
0609 0610
0610 0611
0611 0612
0612 0613
0613 0614
0614 0615
0615 0616
0616 0617
0617 0618
0618 0619
0619 0620
0620 0621
0621 0622
0622 0623
0623 0624
0624 0625
0625 0626
0626 0627
0627 0628
0628 0629
0629 0630
0630 0631
0631 0632
0632 0633
0633 0634
0634 0635
0635 0636
0636 0637
0637 0638
0638 0639
0639 0640
0640 0641
0641 0642
0642 0643
0643 0644
0644 0645
0645 0646
0646 0647
0647 0648
0648 0649
0649 0650
0650 0651
0651 0652
0652 0653
0653 0654
0654 0655
0655 0656
0656 0657
0657 0658
0658 0659
0659 0660
0660 0661
0661 0662
0662 0663
0663 0664
0664 0665
0665 0666
0666 0667
0667 0668
0668 0669
0669 0670
0670 0671
0671 0672
0672 0673
0673 0674
0674 0675
0675 0676
0676 0677
0677 0678
0678 0679
0679 0680
0680 0681
0681 0682
0682 0683
0683 0684
0684 0685
0685 0686
0686 0687
0687 0688
0688 0689
0689 0690
0690 0691
0691 0692
0692 0693
0693 0694
0694 0695
0695 0696
0696 0697
0697 0698
0698 0699
0699 0700
0700 0701
0701 0702
0702 0703
0703 0704
0704 0705
0705 0706
0706 0707
0707 0708
0708 0709
0709 0710
0710 0711
0711 0712
0712 0713
0713 0714
0714 0715
0715 0716
0716 0717
0717 0718
0718 0719
0719 0720
0720 0721
0721 0722
0722 0723
0723 0724
0724 0725
0725 0726
0726 0727
0727 0728
0728 0729
0729 0730
0730 0731
0731 0732
0732 0733
0733 0734
0734 0735
0735 0736
0736 0737
0737 0738
0738 0739
0739 0740
0740 0741
0741 0742
0742 0743
0743 0744
0744 0745
0745 0746
0746 0747
0747 0748
0748 0749
0749 0750
0750 0751
0751 0752
0752 0753
0753 0754
0754 0755
0755 0756
0756 0757
0757 0758
0758 0759
0759 0760
0760 0761
0761 0762
0762 0763
0763 0764
0764 0765
0765 0766
0766 0767
0767 0768
0768 0769
0769 0770
0770 0771
0771 0772
0772 0773
0773 0774
0774 0775
0775 0776
0776 0777
0777 0778
0778 0779
0779 0780
0780 0781
0781 0782
0782 0783
0783 0784
0784 0785
0785 0786
0786 0787
0787 0788
0788 0789
0789 0790
0790 0791
0791 0792
0792 0793
0793 0794
0794 0795
0795 0796
0796 0797
0797 0798
0798 0799
0799 0800
0800 0801
0801 0802
0802 0803
0803 0804
0804 0805
0805 0806
0806 0807
0807 0808
0808 0809
0809 0810
0810 0811
0811 0812
0812 0813
0813 0814
0814 0815
0815 0816
0816 0817
0817 0818
0818 0819
0819 0820
0820 0821
0821 0822
0822 0823
0823 0824
0824 0825
0825 0826
0826 0827
0827 0828
0828 0829
0829 0830
0830 0831
0831 0832
0832 0833
0833 0834
0834 0835
0835 0836
0836 0837
0837 0838
0838 0839
0839 0840
0840 0841
0841 0842
0842 0843
0843 0844
0844 0845
0845 0846
0846 0847
0847 0848
0848 0849
0849 0850
0850 0851
0851 0852
0852 0853
0853 0854
0854 0855
0855 0856
0856 0857
0857 0858
0858 0859
0859 0860
0860 0861
0861 0862
0862 0863
0863 0864
0864 0865
0865 0866
0866 0867
0867 0868
0868 0869
0869 0870
0870 0871
0871 0872
0872 0873
0873 0874
0874 0875
0875 0876
0876 0877
0877 0878
0878 0879
0879 0880
0880 0881
0881 0882
0882 0883
0883 0884
0884 0885
0885 0886
0886 0887
0887 0888
0888 0889
0889 0890
0890 0891
0891 0892
0892 0893
0893 0894
0894 0895
0895 0896
0896 0897
0897 0898
0898 0899
0899 0900
0900 0901
0901 0902
0902 0903
0903 0904
0904 0905
0905 0906
0906 0907
0907 0908
0908 0909
0909 0910
0910 0911
0911 0912
0912 0913
0913 0914
0914 0915
0915 0916
0916 0917
0917 0918
0918 0919
0919 0920
0920 0921
0921 0922
0922 0923
0923 0924
0924 0925
0925 0926
0926 0927
0927 0928
0928 0929
0929 0930
0930 0931
0931 0932
0932 0933
0933 0934
0934 0935
0935 0936
0936 0937
0937 0938
0938 0939
0939 0940
0940 0941
0941 0942
0942 0943
0943 0944
0944 0945
0945 0946
0946 0947
0947 0948
0948 0949
0949 0950
0950 0951
0951 0952
0952 0953
0953 0954
0954 0955
0955 0956
0956 0957
0957 0958
0958 0959
0959 0960
0960 0961
0961 0962
0962 0963
0963 0964
0964 0965
0965 0966
0966 0967
0967 0968
0968 0969
0969 0970
0970 0971
0971 0972
0972 0973
0973 0974
0974 0975
0975 0976
0976 0977
0977 0978
0978 0979
0979 0980
0980 0981
0981 0982
0982 0983
0983 0984
0984 0985
0985 0986
0986 0987
0987 0988
0988 0989
0989 0990
0990 0991
0991 0992
0992 0993
0993 0994
0994 0995
0995 0996
0996 0997
0997 0998
0998 0999
0999 1000
1000 1001
1001 1002
1002 1003
1003 1004
1004 1005
1005 1006
1006 1007
1007 1008
1008 1009
1009 1010
1010 1011
1011 1012
1012 1013
1013 1014
1014 1015
1015 1016
1016 1017
1017 1018
1018 1019
1019 1020
1020 1021
1021 1022
1022 1023
1023 1024
1024 1025
1025 1026
1026 1027
1027 1028
1028 1029
1029 1030
1030 1031
1031 1032
1032 1033
1033 1034
1034 1035
1035 1036
1036 1037
1037 1038
1038 1039
1039 1040
1040 1041
1041 1042
1042 1043
1043 1044
1044 1045
1045 1046
1046 1047
1047 1048
1048 1049
1049 1050
1050 1051
1051 1052
1052 1053
1053 1054
1054 1055
1055 1056
1056 1057
1057 1058
1058 1059
1059 1060
1060 1061
1061 1062
1062 1063
1063 1064
1064 1065
1065 1066
1066 1067
1067 1068
1068 1069
1069 1070
1070 1071
1071 1072
1072 1073
1073 1074
1074 1075
1075 1076
1076 1077
1077 1078
1078 1079
1079 1080
1080 1081
1081 1082
1082 1083
1083 1084
1084 1085
1085 1086
1086 1087
1087 1088
1088 1089
1089 1090
1090 1091
1091 1092
1092 1093
1093 1094
1094 1095
1095 1096
1096 1097
1097 1098
1098 1099
1099 1100
1100 1101
1101 1102
1102 1103
1103 1104
1104 1105
1105 1106
1106 1107
1107 1108
1108 1109
1109 1110
1110 1111
1111 1112
1112 1113
1113 1114
1114 1115
1115 1116
1116 1117
1117 1118
1118 1119
1119 1120
1120 1121
1121 1122
1122 1123
1123 1124
1124 1125
1125 1126
1126 1127
1127 1128
1128 1129
1129 1130
1130 1131
1131 1132
1132 1133
1133 1134
1134 1135
1135 1136
1136 1137
1137 1138
1138 1139
1139 1140
1140 1141
1141 1142
1142 1143
1143 1144
1144 1145
1145 1146
1146 1147
1147 1148
1148 1149
1149 1150
1150 1151
1151 1152
1152 1153
1153 1154
1154 1155
1155 1156
1156 1157
1157 1158
1158 1159
1159 1160
1160 1161
1161 1162
1162 1163
1163 1164
1164 1165
1165 1166
1166 1167
1167 1168
1168 1169
1169 1170
1170 1171
1171 1172
1172 1173
1173 1174
1174 1175
1175 1176
1176 1177
1177 1178
1178 1179
1179 1180
1180 1181
1181 1182
1182 1183
1183 1184
1184 1185
1185 1186
1186 1187
1187 1188
1188 1189
1189 1190
1190 1191
1191 1192
1192 1193
1193 1194
1194 1195
1195 1196
1196 1197
1197 1198
1198 1199
1199 1200
1200 1201
1201 1202
1202 1203
1203 1204
1204 1205
1205 1206
1206 1207
1207 1208
1208 1209
1209 1210
1210 1211
1211 1212
1212 1213
1213 1214
1214 1215
1215 1216
1216 1217
1217 1218
1218 1219
1219 1220
1220 1221
1221 1222
1222 1223
1223 1224
1224 1225
1225 1226
1226 1227
1227 1228
1228 1229
1229 1230
1230 1231
1231 1232
1232 1233
1233 1234
1234 1235
1235 1236
1236 1237
1237 1238
1238 1239
1239 1240
1240 1241
1241 1242
1242 1243
1243 1244
1244 1245
1245 1246
1246 1247
1247 1248
1248 1249
1249 1250
1250 1251
1251 1252
1252 1253
1253 1254
1254 1255
1255 1256
1256 1257
1257 1258
1258 1259
1259 1260
1260 1261
1261 1262
1262 1263
1263 1264
1264 1265
1265 1266
1266 1267
1267 1268
1268 1269
1269 1270
1270 1271
1271 1272
1272 1273
1273 1274
1274 1275
1275 1276
1276 1277
1277 1278
1278 1279
1279 1280
1280 1281
1281 1282
1282 1283
1283 1284
1284 1285
1285 1286
1286 1287
1287 1288
1288 1289
1289 1290
1290 1291
1291 1292
1292 1293
1293 1294
1294 1295
1295 1296
1296 1297
1297 1298
1298 1299
1299 1300
1300 1301
1301 1302
1302 1303
1303 1304
1304 1305
1305 1306
1306 1307
1307 1308
1308 1309
1309 1310
1310 1311
1311 1312
1312 1313
1313 1314
1314 1315
1315 1316
1316 1317
1317 1318
1318 1319
1319 1320
1320 1321
1321 1322
1322 1323
1323 1324
1324 1325
1325 1326
1326 1327
1327 1328
1328 1329
1329 1330
1330 1331
1331 1332
1332 1333
1333 1334
1334 1335
1335 1336
1336 1337
1337 1338
1338 1339
1339 1340
1340 1341
1341 1342
1342 1343
1343 1344
1344 1345
1345 1346
1346 1347
1347 1348
1348 1349
1349 1350
1350 1351
1351 1352
1352 1353
1353 1354
1354 1355
1355 1356
1356 1357
1357 1358
1358 1359
1359 1360
1360 1361
1361 1362
1362 1363
1363 1364
1364 1365
1365 1366
1366 1367
1367 1368
1368 1369
1369 1370
1370 1371
1371 1372
1372 1373
1373 1374
1374 1375
1375 1376
1376 1377
1377 1378
1378 1379
1379 1380
1380 1381
1381 1382
1382 1383
1383 1384
1384 1385
1385 1386
1386 1387
1387 1388
1388 1389
1389 1390
1390 1391
1391 1392
1392 1393
1393 1394
1394 1395
1395 1396
1396 1397
1397 1398
1398 1399
1399 1400
1400 1401
1401 1402
1402 1403
1403 1404
1404 1405
1405 1406
1406 1407
1407 1408
1408 1409
1409 1410
1410 1411
1411 1412
1412 1413
1413 1414
1414 1415
1415 1416
1416 1417
1417 1418
1418 1419
1419 1420
1420 1421
1421 1422
1422 1423
1423 1424
1424 1425
1425 1426
1426 1427
1427 1428
1428 1429
1429 1430
1430 1431
1431 1432
1432 1433
1433 1434
1434 1435
1435 1436
1436 1437
1437 1438
1438 1439
1439 1440
1440 1441
1441 1442
1442 1443
1443 1444
1444 1445
1445 1446
1446 1447
1447 1448
1448 1449
1449 1450
1450 1451
1451 1452
1452 1453
1453 1454
1454 1455
1455 1456
1456 1457
1457 1458
1458 1459
1459 1460
1460 1461
1461 1462
1462 1463
1463 1464
1464 1465
1465 1466
1466 1467
1467 1468
1468 1469
1469 1470
1470 1471
1471 1472
1472 1473
1473 1474
1474 1475
1475 1476
1476 1477
1477 1478
1478 1479
1479 1480
1480 1481
1481 1482
1482 1483
1483 1484
1484 1485
1485 1486
1486 1487
1487 1488
1488 1489
1489 1490
1490 1491
1491 1492
1492 1493
1493 1494
1494 1495
1495 1496
1496 1497
1497 1498
1498 1499
1499 1500
1500 1501
1501 1502
1502 1503
1503 1504
1504 1505
1505 1506
1506 1507
1507 1508
1508 1509
1509 1510
1510 1511
1511 1512
1512 1513
1513 1514
1514 1515
1515 1516
1516 1517
1517 1518
1518 1519
1519 1520
1520 1521
1521 1522
1522 1523
1523 1524
1524 1525
1525 1526
1526 1527
1527 1528
1528 1529
1529 1530
1530 1531
1531 1532
1532 1533
1533 1534
1534 1535
1535 1536
1536 1537
1537 1538
1538 1539
1539 1540
1540 1541
1541 1542
1542 1543
1543 1544
1544 1545
1545 1546
1546 1547
1547 1548
1548 1549
1549 1550
1550 1551
1551 1552
1552 1553
1553 1554
1554 1555
1555 1556
1556 1557
1557 1558
1558 1559
1559 1560
1560 1561
1561 1562
1562 1563
1563 1564
1564 1565
1565 1566
1566 1567
1567 1568
1568 1569
1569 1570
1570 1571
1571 1572
1572 1573
1573 1574
1574 1575
1575 1576
1576 1577
1577 1578
1578 1579
1579 1580
1580 1581
1581 1582
1582 1583
1583 1584
1584 1585
1585 1586
1586 1587
1587 1588
1588 1589
1589 1590
1590 1591
1591 1592
1592 1593
1593 1594
1594 1595
1595 1596
1596 1597
1597 1598
1598 1599
1599 1600
1600 1601
1601 1602
1602 1603
1603 1604
1604 1605
1605 1606
1606 1607
1607 1608
1608 1609
1609 1610
1610 1611
1611 1612
1612 1613
1613 1614
1614 1615
1615 1616
1616 1617
1617 1618
1618 1619
1619 1620
1620 1621
1621 1622
1622 1623
1623 1624
1624 1625
1625 1626
1626 1627
1627 1628
1628 1629
1629 1630
1630 1631
1631 1632
1632 1633
1633 1634
1634 1635
1635 1636
1636 1637
1637 1638
1638 1639
1639 1640
1640 1641
1641 1642
1642 1643
1643 1644
1644 1645
1645 1646
1646 1647
1647 1648
1648 1649
1649 1650
1650 1651
1651 1652
1652 1653
1653 1654
1654 1655
1655 1656
1656 1657
1657 1658
1658 1659
1659 1660
1660 1661
1661 1662
1662 1663
1663 1664
1664 1665
1665 1666
1666 1667
1667 1668
1668 1669
1669 1670
1670 1671
1671 1672
1672 1673
1673 1674
1674 1675
1675 1676
1676 1677
1677 1678
1678 1679
1679 1680
1680 1681
1681 1682
1682 1683
1683 1684
1684 1685
1685 1686
1686 1687
1687 1688
1688 1689
1689 1690
1690 1691
1691 1692
1692 1693
1693 1694
1694 1695
1695 1696
1696 1697
1697 1698
1698 1699
1699 1700
1700 1701
1701 1702
1702 1703
1703 1704
1704 1705
1705 1706
1706 1707
1707 1708
1708 1709
1709 1710
1710 1711
1711 1712
1712 1713
1713 1714
1714 1715
1715 1716
1716 1717
1717 1718
1718 1719
1719 1720
1720 1721
1721 1722
1722 1723
1723 1724
1724 1725
1725 1726
1726 1727
1727 1728
1728 1729
1729 1730
1730 1731
1731 1732
1732 1733
1733 1734
1734 1735
1735 1736
1736 1737
1737 1738
1738 1739
1739 1740
1740 1741
1741 1742
1742 1743
1743 1744
1744 1745
1745 1746
1746 1747
1747 1748
1748 1749
1749 1750
1750 1751
1751 1752
1752 1753
1753 1754
1754 1755
1755 1756
1756 1757
1757 1758
1758 1759
1759 1760
1760 1761
1761 1762
1762 1763
1763 1764
1764 1765
1765 1766
1766 1767
1767 1768
1768 1769
1769 1770
1770 1771
1771 1772
1772 1773
1773 1774
1774 1775
1775 1776
1776 1777
1777 1778
1778 1779
1779 1780
1780 1781
1781 1782
1782 1783
1783 1784
1784 1785
1785 1786
1786 1787
1787 1788
1788 1789
1789 1790
1790 1791
1791 1792
1792 1793
1793 1794
1794 1795
1795 1796
1796 1797
1797 1798
1798 1799
1799 1800
1800 1801
1801 1802
1802 1803
1803 1804
1804 1805
1805 1806
1806 1807
1807 1808
1808 1809
1809 1810
1810 1811
1811 1812
1812 1813
1813 1814
1814 1815
1815 1816
1816 1817
1817 1818
1818 1819
1819 1820
1820 1821
1821 1822
1822 1823
1823 1824
1824 1825
1825 1826
1826 1827
1827 1828
1828 1829
1829 1830
1830 1831
1831 1832
1832 1833
1833 1834
1834 1835
1835 1836
1836 1837
1837 1838
1838 1839
1839 1840
1840 1841
1841 1842
1842 1843
1843 1844
1844 1845
1845 1846
1846 1847
1847 1848
1848 1849
1849 1850
1850 1851
1851 1852
1852 1853
1853 1854
1854 1855
1855 1856
1856 1857
1857 1858
1858 1859
1859 1860
1860 1861
1861 1862
1862 1863
1863 1864
1864 1865
1865 1866
1866 1867
1867 1868
1868 1869
1869 1870
1870 1871
1871 1872
1872 1873
1873 1874
1874 1875
1875 1876
1876 1877
1877 1878
1878 1879
1879 1880
1880 1881
1881 1882
1882 1883
1883 1884
1884 1885
1885 1886
1886 1887
1887 1888
1888 1889
1889 1890
1890 1891
1891 1892
1892 1893
1893 1894
1894 1895
1895 1896
1896 1897
1897 1898
1898 1899
1899 1900
1900 1901
1901 1902
1902 1903
1903 1904
1904 1905
1905 1906
1906 1907
1907 1908
1908 1909
1909 1910
1910 1911
1911 1912
1912 1913
1913 1914
1914 1915
1915 1916
1916 1917
1917 1918
1918 1919
1919 1920
1920 1921
1921 1922
1922 1923
1923 1924
1924 1925
1925 1926
1926 1927
1927 1928
1928 1929
1929 1930
1930 1931
1931 1932
1932 1933
1933 1934
1934 1935
1935 1936
1936 1937
1937 1938
1938 1939
1939 1940
1940 1941
1941 1942
1942 1943
1943 1944
1944 1945
1945 1946
1946 1947
1947 1948
1948 1949
1949 1950
1950 1951
1951 1952
1952 1953
1953 1954
1954 1955
1955 1956
1956 1957
1957 1958
1958 1959
1959 1960
1960 1961
1961 1962
1962 1963
1963 1964
1964 1965
1965 1966
1966 1967
1967 1968
1968 1969
1969 1970
1970 1971
1971 1972
1972 1973
1973 1974
1974 1975
1975 1976
1976 1977
1977 1978
1978 1979
1979 1980
1980 1981
1981 1982
1982 1983
1983 1984
1984 1985
1985 1986
1986 1987
1987 1988
1988 1989
1989 1990
1990 1991
1991 1992
1992 1993
1993 1994
1994 1995
1995 1996
1996 1997
1997 1998
1998 1999
1999 2000
2000 2001
2001 2002
2002 2003
2003 2004
2004 2005
2005 2006
2006 2007
2007 2008
2008 2009
2009 2010
2010 2011
2011 2012
2012 2013
2013 2014
2014 2015
2015 2016
2016 2017
2017 2018
2018 2019
2019 2020
2020 2021
2021 2022
2022 2023
2023 2024
2024 2025
2025 2026
2026 2027
2027 2028
2028 2029
2029 2030
2030 2031
2031 2032
2032 2033
2033 2034
2034 2035
2035 2036
2036 2037
2037 2038
2038 2039
2039 2040
2040 2041
2041 2042
2042 2043
2043 2044
2044 2045
2045 2046
2046 2047
2047 2048
0000 0002
0002 0004
0004 0006
0006 0008
0008 0010
0010 0012
0012 0014
0014 0016
0016 0018
0018 0020
0020 0022
0022 0024
0024 0026
0026 0028
0028 0030
0030 0032
0032 0034
0034 0036
0036 0038
0038 0040
0040 0042
0042 0044
0044 0046
0046 0048
0048 0050
0050 0052
0052 0054
0054 0056
0056 0058
0058 0060
0060 0062
0062 0064
0064 0066
0066 0068
0068 0070
0070 0072
0072 0074
0074 0076
0076 0078
0078 0080
0080 0082
0082 0084
0084 0086
0086 0088
0088 0090
0090 0092
0092 0094
0094 0096
0096 0098
0098 0100
0100 0102
0102 0104
0104 0106
0106 0108
0108 0110
0110 0112
0112 0114
0114 0116
0116 0118
0118 0120
0120 0122
0122 0124
0124 0126
0126 0128
0128 0130
0130 0132
0132 0134
0134 0136
0136 0138
0138 0140
0140 0142
0142 0144
0144 0146
0146 0148
0148 0150
0150 0152
0152 0154
0154 0156
0156 0158
0158 0160
0160 0162
0162 0164
0164 0166
0166 0168
0168 0170
0170 0172
0172 0174
0174 0176
0176 0178
0178 0180
0180 0182
0182 0184
0184 0186
0186 0188
0188 0190
0190 0192
0192 0194
0194 0196
0196 0198
0198 0200
0200 0202
0202 0204
0204 0206
0206 0208
0208 0210
0210 0212
0212 0214
0214 0216
0216 0218
0218 0220
0220 0222
0222 0224
0224 0226
0226 0228
0228 0230
0230 0232
0232 0234
0234 0236
0236 0238
0238 0240
0240 0242
0242 0244
0244 0246
0246 0248
0248 0250
0250 0252
0252 0254
0254 0256
0256 0258
0258 0260
0260 0262
0262 0264
0264 0266
0266 0268
0268 0270
0270 0272
0272 0274
0274 0276
0276 0278
0278 0280
0280 0282
0282 0284
0284 0286
0286 0288
0288 0290
0290 0292
0292 0294
0294 0296
0296 0298
0298 0300
0300 0302
0302 0304
0304 0306
0306 0308
0308 0310
0310 0312
0312 0314
0314 0316
0316 0318
0318 0320
0320 0322
0322 0324
0324 0326
0326 0328
0328 0330
0330 0332
0332 0334
0334 0336
0336 0338
0338 0340
0340 0342
0342 0344
0344 0346
0346 0348
0348 0350
0350 0352
0352 0354
0354 0356
0356 0358
0358 0360
0360 0362
0362 0364
0364 0366
0366 0368
0368 0370
0370 0372
0372 0374
0374 0376
0376 0378
0378 0380
0380 0382
0382 0384
0384 0386
0386 0388
0388 0390
0390 0392
0392 0394
0394 0396
0396 0398
0398 0400
0400 0402
0402 0404
0404 0406
0406 0408
0408 0410
0410 0412
0412 0414
0414 0416
0416 0418
0418 0420
0420 0422
0422 0424
0424 0426
0426 0428
0428 0430
0430 0432
0432 0434
0434 0436
0436 0438
0438 0440
0440 0442
0442 0444
0444 0446
0446 0448
0448 0450
0450 0452
0452 0454
0454 0456
0456 0458
0458 0460
0460 0462
0462 0464
0464 0466
0466 0468
0468 0470
0470 0472
0472 0474
0474 0476
0476 0478
0478 0480
0480 0482
0482 0484
0484 0486
0486 0488
0488 0490
0490 0492
0492 0494
0494 0496
0496 0498
0498 0500
0500 0502
0502 0504
0504 0506
0506 0508
0508 0510
0510 0512
0512 0514
0514 0516
0516 0518
0518 0520
0520 0522
0522 0524
0524 0526
0526 0528
0528 0530
0530 0532
0532 0534
0534 0536
0536 0538
0538 0540
0540 0542
0542 0544
0544 0546
0546 0548
0548 0550
0550 0552
0552 0554
0554 0556
0556 0558
0558 0560
0560 0562
0562 0564
0564 0566
0566 0568
0568 0570
0570 0572
0572 0574
0574 0576
0576 0578
0578 0580
0580 0582
0582 0584
0584 0586
0586 0588
0588 0590
0590 0592
0592 0594
0594 0596
0596 0598
0598 0600
0600 0602
0602 0604
0604 0606
0606 0608
0608 0610
0610 0612
0612 0614
0614 0616
0616 0618
0618 0620
0620 0622
0622 0624
0624 0626
0626 0628
0628 0630
0630 0632
0632 0634
0634 0636
0636 0638
0638 0640
0640 0642
0642 0644
0644 0646
0646 0648
0648 0650
0650 0652
0652 0654
0654 0656
0656 0658
0658 0660
0660 0662
0662 0664
0664 0666
0666 0668
0668 0670
0670 0672
0672 0674
0674 0676
0676 0678
0678 0680
0680 0682
0682 0684
0684 0686
0686 0688
0688 0690
0690 0692
0692 0694
0694 0696
0696 0698
0698 0700
0700 0702
0702 0704
0704 0706
0706 0708
0708 0710
0710 0712
0712 0714
0714 0716
0716 0718
0718 0720
0720 0722
0722 0724
0724 0726
0726 0728
0728 0730
0730 0732
0732 0734
0734 0736
0736 0738
0738 0740
0740 0742
0742 0744
0744 0746
0746 0748
0748 0750
0750 0752
0752 0754
0754 0756
0756 0758
0758 0760
0760 0762
0762 0764
0764 0766
0766 0768
0768 0770
0770 0772
0772 0774
0774 0776
0776 0778
0778 0780
0780 0782
0782 0784
0784 0786
0786 0788
0788 0790
0790 0792
0792 0794
0794 0796
0796 0798
0798 0800
0800 0802
0802 0804
0804 0806
0806 0808
0808 0810
0810 0812
0812 0814
0814 0816
0816 0818
0818 0820
0820 0822
0822 0824
0824 0826
0826 0828
0828 0830
0830 0832
0832 0834
0834 0836
0836 0838
0838 0840
0840 0842
0842 0844
0844 0846
0846 0848
0848 0850
0850 0852
0852 0854
0854 0856
0856 0858
0858 0860
0860 0862
0862 0864
0864 0866
0866 0868
0868 0870
0870 0872
0872 0874
0874 0876
0876 0878
0878 0880
0880 0882
0882 0884
0884 0886
0886 0888
0888 0890
0890 0892
0892 0894
0894 0896
0896 0898
0898 0900
0900 0902
0902 0904
0904 0906
0906 0908
0908 0910
0910 0912
0912 0914
0914 0916
0916 0918
0918 0920
0920 0922
0922 0924
0924 0926
0926 0928
0928 0930
0930 0932
0932 0934
0934 0936
0936 0938
0938 0940
0940 0942
0942 0944
0944 0946
0946 0948
0948 0950
0950 0952
0952 0954
0954 0956
0956 0958
0958 0960
0960 0962
0962 0964
0964 0966
0966 0968
0968 0970
0970 0972
0972 0974
0974 0976
0976 0978
0978 0980
0980 0982
0982 0984
0984 0986
0986 0988
0988 0990
0990 0992
0992 0994
0994 0996
0996 0998
0998 1000
1000 1002
1002 1004
1004 1006
1006 1008
1008 1010
1010 1012
1012 1014
1014 1016
1016 1018
1018 1020
1020 1022
1022 1024
1024 1026
1026 1028
1028 1030
1030 1032
1032 1034
1034 1036
1036 1038
1038 1040
1040 1042
1042 1044
1044 1046
1046 1048
1048 1050
1050 1052
1052 1054
1054 1056
1056 1058
1058 1060
1060 1062
1062 1064
1064 1066
1066 1068
1068 1070
1070 1072
1072 1074
1074 1076
1076 1078
1078 1080
1080 1082
1082 1084
1084 1086
1086 1088
1088 1090
1090 1092
1092 1094
1094 1096
1096 1098
1098 1100
1100 1102
1102 1104
1104 1106
1106 1108
1108 1110
1110 1112
1112 1114
1114 1116
1116 1118
1118 1120
1120 1122
1122 1124
1124 1126
1126 1128
1128 1130
1130 1132
1132 1134
1134 1136
1136 1138
1138 1140
1140 1142
1142 1144
1144 1146
1146 1148
1148 1150
1150 1152
1152 1154
1154 1156
1156 1158
1158 1160
1160 1162
1162 1164
1164 1166
1166 1168
1168 1170
1170 1172
1172 1174
1174 1176
1176 1178
1178 1180
1180 1182
1182 1184
1184 1186
1186 1188
1188 1190
1190 1192
1192 1194
1194 1196
1196 1198
1198 1200
1200 1202
1202 1204
1204 1206
1206 1208
1208 1210
1210 1212
1212 1214
1214 1216
1216 1218
1218 1220
1220 1222
1222 1224
1224 1226
1226 1228
1228 1230
1230 1232
1232 1234
1234 1236
1236 1238
1238 1240
1240 1242
1242 1244
1244 1246
1246 1248
1248 1250
1250 1252
1252 1254
1254 1256
1256 1258
1258 1260
1260 1262
1262 1264
1264 1266
1266 1268
1268 1270
1270 1272
1272 1274
1274 1276
1276 1278
1278 1280
1280 1282
1282 1284
1284 1286
1286 1288
1288 1290
1290 1292
1292 1294
1294 1296
1296 1298
1298 1300
1300 1302
1302 1304
1304 1306
1306 1308
1308 1310
1310 1312
1312 1314
1314 1316
1316 1318
1318 1320
1320 1322
1322 1324
1324 1326
1326 1328
1328 1330
1330 1332
1332 1334
1334 1336
1336 1338
1338 1340
1340 1342
1342 1344
1344 1346
1346 1348
1348 1350
1350 1352
1352 1354
1354 1356
1356 1358
1358 1360
1360 1362
1362 1364
1364 1366
1366 1368
1368 1370
1370 1372
1372 1374
1374 1376
1376 1378
1378 1380
1380 1382
1382 1384
1384 1386
1386 1388
1388 1390
1390 1392
1392 1394
1394 1396
1396 1398
1398 1400
1400 1402
1402 1404
1404 1406
1406 1408
1408 1410
1410 1412
1412 1414
1414 1416
1416 1418
1418 1420
1420 1422
1422 1424
1424 1426
1426 1428
1428 1430
1430 1432
1432 1434
1434 1436
1436 1438
1438 1440
1440 1442
1442 1444
1444 1446
1446 1448
1448 1450
1450 1452
1452 1454
1454 1456
1456 1458
1458 1460
1460 1462
1462 1464
1464 1466
1466 1468
1468 1470
1470 1472
1472 1474
1474 1476
1476 1478
1478 1480
1480 1482
1482 1484
1484 1486
1486 1488
1488 1490
1490 1492
1492 1494
1494 1496
1496 1498
1498 1500
1500 1502
1502 1504
1504 1506
1506 1508
1508 1510
1510 1512
1512 1514
1514 1516
1516 1518
1518 1520
1520 1522
1522 1524
1524 1526
1526 1528
1528 1530
1530 1532
1532 1534
1534 1536
1536 1538
1538 1540
1540 1542
1542 1544
1544 1546
1546 1548
1548 1550
1550 1552
1552 1554
1554 1556
1556 1558
1558 1560
1560 1562
1562 1564
1564 1566
1566 1568
1568 1570
1570 1572
1572 1574
1574 1576
1576 1578
1578 1580
1580 1582
1582 1584
1584 1586
1586 1588
1588 1590
1590 1592
1592 1594
1594 1596
1596 1598
1598 1600
1600 1602
1602 1604
1604 1606
1606 1608
1608 1610
1610 1612
1612 1614
1614 1616
1616 1618
1618 1620
1620 1622
1622 1624
1624 1626
1626 1628
1628 1630
1630 1632
1632 1634
1634 1636
1636 1638
1638 1640
1640 1642
1642 1644
1644 1646
1646 1648
1648 1650
1650 1652
1652 1654
1654 1656
1656 1658
1658 1660
1660 1662
1662 1664
1664 1666
1666 1668
1668 1670
1670 1672
1672 1674
1674 1676
1676 1678
1678 1680
1680 1682
1682 1684
1684 1686
1686 1688
1688 1690
1690 1692
1692 1694
1694 1696
1696 1698
1698 1700
1700 1702
1702 1704
1704 1706
1706 1708
1708 1710
1710 1712
1712 1714
1714 1716
1716 1718
1718 1720
1720 1722
1722 1724
1724 1726
1726 1728
1728 1730
1730 1732
1732 1734
1734 1736
1736 1738
1738 1740
1740 1742
1742 1744
1744 1746
1746 1748
1748 1750
1750 1752
1752 1754
1754 1756
1756 1758
1758 1760
1760 1762
1762 1764
1764 1766
1766 1768
1768 1770
1770 1772
1772 1774
1774 1776
1776 1778
1778 1780
1780 1782
1782 1784
1784 1786
1786 1788
1788 1790
1790 1792
1792 1794
1794 1796
1796 1798
1798 1800
1800 1802
1802 1804
1804 1806
1806 1808
1808 1810
1810 1812
1812 1814
1814 1816
1816 1818
1818 1820
1820 1822
1822 1824
1824 1826
1826 1828
1828 1830
1830 1832
1832 1834
1834 1836
1836 1838
1838 1840
1840 1842
1842 1844
1844 1846
1846 1848
1848 1850
1850 1852
1852 1854
1854 1856
1856 1858
1858 1860
1860 1862
1862 1864
1864 1866
1866 1868
1868 1870
1870 1872
1872 1874
1874 1876
1876 1878
1878 1880
1880 1882
1882 1884
1884 1886
1886 1888
1888 1890
1890 1892
1892 1894
1894 1896
1896 1898
1898 1900
1900 1902
1902 1904
1904 1906
1906 1908
1908 1910
1910 1912
1912 1914
1914 1916
1916 1918
1918 1920
1920 1922
1922 1924
1924 1926
1926 1928
1928 1930
1930 1932
1932 1934
1934 1936
1936 1938
1938 1940
1940 1942
1942 1944
1944 1946
1946 1948
1948 1950
1950 1952
1952 1954
1954 1956
1956 1958
1958 1960
1960 1962
1962 1964
1964 1966
1966 1968
1968 1970
1970 1972
1972 1974
1974 1976
1976 1978
1978 1980
1980 1982
1982 1984
1984 1986
1986 1988
1988 1990
1990 1992
1992 1994
1994 1996
1996 1998
1998 2000
2000 2002
2002 2004
2004 2006
2006 2008
2008 2010
2010 2012
2012 2014
2014 2016
2016 2018
2018 2020
2020 2022
2022 2024
2024 2026
2026 2028
2028 2030
2030 2032
2032 2034
2034 2036
2036 2038
2038 2040
2040 2042
2042 2044
2044 2046
2046 2048
0000 0004
0004 0008
0008 0012
0012 0016
0016 0020
0020 0024
0024 0028
0028 0032
0032 0036
0036 0040
0040 0044
0044 0048
0048 0052
0052 0056
0056 0060
0060 0064
0064 0068
0068 0072
0072 0076
0076 0080
0080 0084
0084 0088
0088 0092
0092 0096
0096 0100
0100 0104
0104 0108
0108 0112
0112 0116
0116 0120
0120 0124
0124 0128
0128 0132
0132 0136
0136 0140
0140 0144
0144 0148
0148 0152
0152 0156
0156 0160
0160 0164
0164 0168
0168 0172
0172 0176
0176 0180
0180 0184
0184 0188
0188 0192
0192 0196
0196 0200
0200 0204
0204 0208
0208 0212
0212 0216
0216 0220
0220 0224
0224 0228
0228 0232
0232 0236
0236 0240
0240 0244
0244 0248
0248 0252
0252 0256
0256 0260
0260 0264
0264 0268
0268 0272
0272 0276
0276 0280
0280 0284
0284 0288
0288 0292
0292 0296
0296 0300
0300 0304
0304 0308
0308 0312
0312 0316
0316 0320
0320 0324
0324 0328
0328 0332
0332 0336
0336 0340
0340 0344
0344 0348
0348 0352
0352 0356
0356 0360
0360 0364
0364 0368
0368 0372
0372 0376
0376 0380
0380 0384
0384 0388
0388 0392
0392 0396
0396 0400
0400 0404
0404 0408
0408 0412
0412 0416
0416 0420
0420 0424
0424 0428
0428 0432
0432 0436
0436 0440
0440 0444
0444 0448
0448 0452
0452 0456
0456 0460
0460 0464
0464 0468
0468 0472
0472 0476
0476 0480
0480 0484
0484 0488
0488 0492
0492 0496
0496 0500
0500 0504
0504 0508
0508 0512
0512 0516
0516 0520
0520 0524
0524 0528
0528 0532
0532 0536
0536 0540
0540 0544
0544 0548
0548 0552
0552 0556
0556 0560
0560 0564
0564 0568
0568 0572
0572 0576
0576 0580
0580 0584
0584 0588
0588 0592
0592 0596
0596 0600
0600 0604
0604 0608
0608 0612
0612 0616
0616 0620
0620 0624
0624 0628
0628 0632
0632 0636
0636 0640
0640 0644
0644 0648
0648 0652
0652 0656
0656 0660
0660 0664
0664 0668
0668 0672
0672 0676
0676 0680
0680 0684
0684 0688
0688 0692
0692 0696
0696 0700
0700 0704
0704 0708
0708 0712
0712 0716
0716 0720
0720 0724
0724 0728
0728 0732
0732 0736
0736 0740
0740 0744
0744 0748
0748 0752
0752 0756
0756 0760
0760 0764
0764 0768
0768 0772
0772 0776
0776 0780
0780 0784
0784 0788
0788 0792
0792 0796
0796 0800
0800 0804
0804 0808
0808 0812
0812 0816
0816 0820
0820 0824
0824 0828
0828 0832
0832 0836
0836 0840
0840 0844
0844 0848
0848 0852
0852 0856
0856 0860
0860 0864
0864 0868
0868 0872
0872 0876
0876 0880
0880 0884
0884 0888
0888 0892
0892 0896
0896 0900
0900 0904
0904 0908
0908 0912
0912 0916
0916 0920
0920 0924
0924 0928
0928 0932
0932 0936
0936 0940
0940 0944
0944 0948
0948 0952
0952 0956
0956 0960
0960 0964
0964 0968
0968 0972
0972 0976
0976 0980
0980 0984
0984 0988
0988 0992
0992 0996
0996 1000
1000 1004
1004 1008
1008 1012
1012 1016
1016 1020
1020 1024
1024 1028
1028 1032
1032 1036
1036 1040
1040 1044
1044 1048
1048 1052
1052 1056
1056 1060
1060 1064
1064 1068
1068 1072
1072 1076
1076 1080
1080 1084
1084 1088
1088 1092
1092 1096
1096 1100
1100 1104
1104 1108
1108 1112
1112 1116
1116 1120
1120 1124
1124 1128
1128 1132
1132 1136
1136 1140
1140 1144
1144 1148
1148 1152
1152 1156
1156 1160
1160 1164
1164 1168
1168 1172
1172 1176
1176 1180
1180 1184
1184 1188
1188 1192
1192 1196
1196 1200
1200 1204
1204 1208
1208 1212
1212 1216
1216 1220
1220 1224
1224 1228
1228 1232
1232 1236
1236 1240
1240 1244
1244 1248
1248 1252
1252 1256
1256 1260
1260 1264
1264 1268
1268 1272
1272 1276
1276 1280
1280 1284
1284 1288
1288 1292
1292 1296
1296 1300
1300 1304
1304 1308
1308 1312
1312 1316
1316 1320
1320 1324
1324 1328
1328 1332
1332 1336
1336 1340
1340 1344
1344 1348
1348 1352
1352 1356
1356 1360
1360 1364
1364 1368
1368 1372
1372 1376
1376 1380
1380 1384
1384 1388
1388 1392
1392 1396
1396 1400
1400 1404
1404 1408
1408 1412
1412 1416
1416 1420
1420 1424
1424 1428
1428 1432
1432 1436
1436 1440
1440 1444
1444 1448
1448 1452
1452 1456
1456 1460
1460 1464
1464 1468
1468 1472
1472 1476
1476 1480
1480 1484
1484 1488
1488 1492
1492 1496
1496 1500
1500 1504
1504 1508
1508 1512
1512 1516
1516 1520
1520 1524
1524 1528
1528 1532
1532 1536
1536 1540
1540 1544
1544 1548
1548 1552
1552 1556
1556 1560
1560 1564
1564 1568
1568 1572
1572 1576
1576 1580
1580 1584
1584 1588
1588 1592
1592 1596
1596 1600
1600 1604
1604 1608
1608 1612
1612 1616
1616 1620
1620 1624
1624 1628
1628 1632
1632 1636
1636 1640
1640 1644
1644 1648
1648 1652
1652 1656
1656 1660
1660 1664
1664 1668
1668 1672
1672 1676
1676 1680
1680 1684
1684 1688
1688 1692
1692 1696
1696 1700
1700 1704
1704 1708
1708 1712
1712 1716
1716 1720
1720 1724
1724 1728
1728 1732
1732 1736
1736 1740
1740 1744
1744 1748
1748 1752
1752 1756
1756 1760
1760 1764
1764 1768
1768 1772
1772 1776
1776 1780
1780 1784
1784 1788
1788 1792
1792 1796
1796 1800
1800 1804
1804 1808
1808 1812
1812 1816
1816 1820
1820 1824
1824 1828
1828 1832
1832 1836
1836 1840
1840 1844
1844 1848
1848 1852
1852 1856
1856 1860
1860 1864
1864 1868
1868 1872
1872 1876
1876 1880
1880 1884
1884 1888
1888 1892
1892 1896
1896 1900
1900 1904
1904 1908
1908 1912
1912 1916
1916 1920
1920 1924
1924 1928
1928 1932
1932 1936
1936 1940
1940 1944
1944 1948
1948 1952
1952 1956
1956 1960
1960 1964
1964 1968
1968 1972
1972 1976
1976 1980
1980 1984
1984 1988
1988 1992
1992 1996
1996 2000
2000 2004
2004 2008
2008 2012
2012 2016
2016 2020
2020 2024
2024 2028
2028 2032
2032 2036
2036 2040
2040 2044
2044 2048
0000 0008
0008 0016
0016 0024
0024 0032
0032 0040
0040 0048
0048 0056
0056 0064
0064 0072
0072 0080
0080 0088
0088 0096
0096 0104
0104 0112
0112 0120
0120 0128
0128 0136
0136 0144
0144 0152
0152 0160
0160 0168
0168 0176
0176 0184
0184 0192
0192 0200
0200 0208
0208 0216
0216 0224
0224 0232
0232 0240
0240 0248
0248 0256
0256 0264
0264 0272
0272 0280
0280 0288
0288 0296
0296 0304
0304 0312
0312 0320
0320 0328
0328 0336
0336 0344
0344 0352
0352 0360
0360 0368
0368 0376
0376 0384
0384 0392
0392 0400
0400 0408
0408 0416
0416 0424
0424 0432
0432 0440
0440 0448
0448 0456
0456 0464
0464 0472
0472 0480
0480 0488
0488 0496
0496 0504
0504 0512
0512 0520
0520 0528
0528 0536
0536 0544
0544 0552
0552 0560
0560 0568
0568 0576
0576 0584
0584 0592
0592 0600
0600 0608
0608 0616
0616 0624
0624 0632
0632 0640
0640 0648
0648 0656
0656 0664
0664 0672
0672 0680
0680 0688
0688 0696
0696 0704
0704 0712
0712 0720
0720 0728
0728 0736
0736 0744
0744 0752
0752 0760
0760 0768
0768 0776
0776 0784
0784 0792
0792 0800
0800 0808
0808 0816
0816 0824
0824 0832
0832 0840
0840 0848
0848 0856
0856 0864
0864 0872
0872 0880
0880 0888
0888 0896
0896 0904
0904 0912
0912 0920
0920 0928
0928 0936
0936 0944
0944 0952
0952 0960
0960 0968
0968 0976
0976 0984
0984 0992
0992 1000
1000 1008
1008 1016
1016 1024
1024 1032
1032 1040
1040 1048
1048 1056
1056 1064
1064 1072
1072 1080
1080 1088
1088 1096
1096 1104
1104 1112
1112 1120
1120 1128
1128 1136
1136 1144
1144 1152
1152 1160
1160 1168
1168 1176
1176 1184
1184 1192
1192 1200
1200 1208
1208 1216
1216 1224
1224 1232
1232 1240
1240 1248
1248 1256
1256 1264
1264 1272
1272 1280
1280 1288
1288 1296
1296 1304
1304 1312
1312 1320
1320 1328
1328 1336
1336 1344
1344 1352
1352 1360
1360 1368
1368 1376
1376 1384
1384 1392
1392 1400
1400 1408
1408 1416
1416 1424
1424 1432
1432 1440
1440 1448
1448 1456
1456 1464
1464 1472
1472 1480
1480 1488
1488 1496
1496 1504
1504 1512
1512 1520
1520 1528
1528 1536
1536 1544
1544 1552
1552 1560
1560 1568
1568 1576
1576 1584
1584 1592
1592 1600
1600 1608
1608 1616
1616 1624
1624 1632
1632 1640
1640 1648
1648 1656
1656 1664
1664 1672
1672 1680
1680 1688
1688 1696
1696 1704
1704 1712
1712 1720
1720 1728
1728 1736
1736 1744
1744 1752
1752 1760
1760 1768
1768 1776
1776 1784
1784 1792
1792 1800
1800 1808
1808 1816
1816 1824
1824 1832
1832 1840
1840 1848
1848 1856
1856 1864
1864 1872
1872 1880
1880 1888
1888 1896
1896 1904
1904 1912
1912 1920
1920 1928
1928 1936
1936 1944
1944 1952
1952 1960
1960 1968
1968 1976
1976 1984
1984 1992
1992 2000
2000 2008
2008 2016
2016 2024
2024 2032
2032 2040
2040 2048
0000 0016
0016 0032
0032 0048
0048 0064
0064 0080
0080 0096
0096 0112
0112 0128
0128 0144
0144 0160
0160 0176
0176 0192
0192 0208
0208 0224
0224 0240
0240 0256
0256 0272
0272 0288
0288 0304
0304 0320
0320 0336
0336 0352
0352 0368
0368 0384
0384 0400
0400 0416
0416 0432
0432 0448
0448 0464
0464 0480
0480 0496
0496 0512
0512 0528
0528 0544
0544 0560
0560 0576
0576 0592
0592 0608
0608 0624
0624 0640
0640 0656
0656 0672
0672 0688
0688 0704
0704 0720
0720 0736
0736 0752
0752 0768
0768 0784
0784 0800
0800 0816
0816 0832
0832 0848
0848 0864
0864 0880
0880 0896
0896 0912
0912 0928
0928 0944
0944 0960
0960 0976
0976 0992
0992 1008
1008 1024
1024 1040
1040 1056
1056 1072
1072 1088
1088 1104
1104 1120
1120 1136
1136 1152
1152 1168
1168 1184
1184 1200
1200 1216
1216 1232
1232 1248
1248 1264
1264 1280
1280 1296
1296 1312
1312 1328
1328 1344
1344 1360
1360 1376
1376 1392
1392 1408
1408 1424
1424 1440
1440 1456
1456 1472
1472 1488
1488 1504
1504 1520
1520 1536
1536 1552
1552 1568
1568 1584
1584 1600
1600 1616
1616 1632
1632 1648
1648 1664
1664 1680
1680 1696
1696 1712
1712 1728
1728 1744
1744 1760
1760 1776
1776 1792
1792 1808
1808 1824
1824 1840
1840 1856
1856 1872
1872 1888
1888 1904
1904 1920
1920 1936
1936 1952
1952 1968
1968 1984
1984 2000
2000 2016
2016 2032
2032 2048
0000 0032
0032 0064
0064 0096
0096 0128
0128 0160
0160 0192
0192 0224
0224 0256
0256 0288
0288 0320
0320 0352
0352 0384
0384 0416
0416 0448
0448 0480
0480 0512
0512 0544
0544 0576
0576 0608
0608 0640
0640 0672
0672 0704
0704 0736
0736 0768
0768 0800
0800 0832
0832 0864
0864 0896
0896 0928
0928 0960
0960 0992
0992 1024
1024 1056
1056 1088
1088 1120
1120 1152
1152 1184
1184 1216
1216 1248
1248 1280
1280 1312
1312 1344
1344 1376
1376 1408
1408 1440
1440 1472
1472 1504
1504 1536
1536 1568
1568 1600
1600 1632
1632 1664
1664 1696
1696 1728
1728 1760
1760 1792
1792 1824
1824 1856
1856 1888
1888 1920
1920 1952
1952 1984
1984 2016
2016 2048
0000 0064
0064 0128
0128 0192
0192 0256
0256 0320
0320 0384
0384 0448
0448 0512
0512 0576
0576 0640
0640 0704
0704 0768
0768 0832
0832 0896
0896 0960
0960 1024
1024 1088
1088 1152
1152 1216
1216 1280
1280 1344
1344 1408
1408 1472
1472 1536
1536 1600
1600 1664
1664 1728
1728 1792
1792 1856
1856 1920
1920 1984
1984 2048
0000 0128
0128 0256
0256 0384
0384 0512
0512 0640
0640 0768
0768 0896
0896 1024
1024 1152
1152 1280
1280 1408
1408 1536
1536 1664
1664 1792
1792 1920
1920 2048
0000 0256
0256 0512
0512 0768
0768 1024
1024 1280
1280 1536
1536 1792
1792 2048
0000 0512
0512 1024
1024 1536
1536 2048
0000 1024
1024 2048
0000 2048
